

TREE # 1
   1  21543.10590 x   0.23909  0.09942  0.08357  0.03304  0.03159  0.77389  5.03499  0.08651  0.03108  0.03396  0.07118  0.12090  0.03228
   2  21511.09106 x   0.34711  0.09919  0.08676  0.03302  0.03189  0.83148  6.68528  0.04720  0.03593  0.02999  0.06201  0.09876  0.03160
   3  21503.08939 x   0.42606  0.09900  0.08759  0.03307  0.03189  0.86231  7.34571  0.03816  0.03662  0.02937  0.06243  0.09950  0.02763
   4  21500.17515 x   0.48130  0.09944  0.08764  0.03311  0.03188  0.88170  7.78212  0.03422  0.03684  0.02924  0.06266  0.10003  0.02532
   5  21498.98481 x   0.51920  0.10010  0.08732  0.03313  0.03188  0.89461  8.08290  0.03206  0.03678  0.02937  0.06280  0.10033  0.02398
   6  21498.44525 x   0.54672  0.10077  0.08689  0.03315  0.03188  0.90281  8.28104  0.03064  0.03660  0.02951  0.06288  0.10052  0.02310
   7  21498.30579 x   0.56002  0.10096  0.08658  0.03315  0.03188  0.90438  8.28387  0.02965  0.03657  0.02991  0.06286  0.10056  0.02258
   8  21498.11379 x   0.57132  0.10188  0.08609  0.03316  0.03188  0.91428  8.48372  0.02938  0.03632  0.02981  0.06298  0.10071  0.02230
   9  21498.07106 x   0.57833  0.10229  0.08567  0.03316  0.03188  0.91561  8.48388  0.02883  0.03603  0.03001  0.06297  0.10071  0.02205
  10  21498.06195 x   0.58244  0.10261  0.08537  0.03316  0.03188  0.91509  8.48438  0.02855  0.03582  0.03013  0.06297  0.10072  0.02197
  11  21497.99280 x   0.56317  0.10306  0.08509  0.03317  0.03188  0.94886  8.62034  0.02860  0.03578  0.03031  0.06304  0.10083  0.02185
  12  21497.97345 x   0.56200  0.10338  0.08485  0.03317  0.03187  0.95772  8.67665  0.02832  0.03565  0.03043  0.06306  0.10089  0.02182
  13  21497.96471 x   0.56668  0.10360  0.08467  0.03318  0.03187  0.95768  8.70769  0.02816  0.03555  0.03054  0.06308  0.10092  0.02176
  14  21497.95976 x   0.57717  0.10376  0.08454  0.03318  0.03187  0.94974  8.72645  0.02805  0.03548  0.03061  0.06308  0.10094  0.02169
  15  21497.95594 x   0.59312  0.10386  0.08445  0.03318  0.03187  0.93493  8.73682  0.02798  0.03543  0.03066  0.06309  0.10095  0.02160
  16  21497.95220 x   0.61215  0.10392  0.08439  0.03318  0.03187  0.91630  8.74147  0.02794  0.03539  0.03070  0.06309  0.10095  0.02150
  17  21497.94825 x   0.63304  0.10396  0.08436  0.03318  0.03187  0.89540  8.74313  0.02791  0.03537  0.03072  0.06309  0.10095  0.02138
  18  21497.94399 x   0.65502  0.10397  0.08434  0.03318  0.03187  0.87320  8.74313  0.02789  0.03536  0.03073  0.06309  0.10095  0.02124
  19  21497.93938 x   0.67771  0.10398  0.08433  0.03318  0.03187  0.85018  8.74231  0.02788  0.03535  0.03074  0.06309  0.10095  0.02109
  20  21497.93443 x   0.70080  0.10398  0.08433  0.03318  0.03187  0.82670  8.74104  0.02788  0.03535  0.03074  0.06309  0.10095  0.02093
  21  21497.92913 x   0.72410  0.10397  0.08434  0.03318  0.03187  0.80299  8.73953  0.02787  0.03535  0.03074  0.06309  0.10095  0.02075
  22  21497.92348 x   0.74746  0.10397  0.08434  0.03318  0.03187  0.77920  8.73792  0.02788  0.03535  0.03074  0.06309  0.10095  0.02056
  23  21497.91749 x   0.77073  0.10396  0.08435  0.03318  0.03187  0.75551  8.73625  0.02788  0.03535  0.03074  0.06308  0.10095  0.02035
  24  21497.91117 x   0.79381  0.10395  0.08436  0.03318  0.03187  0.73202  8.73461  0.02789  0.03535  0.03074  0.06308  0.10095  0.02013
  25  21497.90454 x   0.81660  0.10394  0.08437  0.03318  0.03187  0.70882  8.73300  0.02790  0.03535  0.03074  0.06308  0.10095  0.01989
  26  21497.89761 x   0.83904  0.10393  0.08437  0.03318  0.03187  0.68600  8.73146  0.02791  0.03536  0.03073  0.06308  0.10095  0.01964
  27  21497.89042 x   0.86104  0.10392  0.08438  0.03318  0.03187  0.66364  8.72998  0.02792  0.03536  0.03073  0.06308  0.10095  0.01938
  28  21497.88297 x   0.88254  0.10391  0.08439  0.03318  0.03187  0.64180  8.72859  0.02793  0.03536  0.03073  0.06308  0.10095  0.01910
  29  21497.87531 x   0.90349  0.10390  0.08440  0.03318  0.03187  0.62054  8.72730  0.02794  0.03536  0.03072  0.06308  0.10095  0.01881
  30  21497.86746 x   0.92383  0.10389  0.08440  0.03318  0.03187  0.59991  8.72611  0.02796  0.03536  0.03072  0.06308  0.10095  0.01850
  31  21497.85946 x   0.94359  0.10389  0.08441  0.03318  0.03187  0.57988  8.72503  0.02797  0.03537  0.03072  0.06308  0.10095  0.01818
  32  21497.85131 x   0.96273  0.10388  0.08441  0.03318  0.03187  0.56050  8.72403  0.02798  0.03537  0.03072  0.06308  0.10094  0.01784
  33  21497.84305 x   0.98122  0.10388  0.08442  0.03318  0.03187  0.54179  8.72313  0.02800  0.03537  0.03071  0.06307  0.10094  0.01749
  34  21497.83472 x   0.99904  0.10387  0.08442  0.03318  0.03187  0.52378  8.72234  0.02801  0.03537  0.03071  0.06307  0.10094  0.01713
  35  21497.82635 x   1.01624  0.10386  0.08443  0.03318  0.03187  0.50641  8.72165  0.02802  0.03537  0.03071  0.06307  0.10094  0.01676
  36  21497.81794 x   1.03276  0.10386  0.08443  0.03318  0.03187  0.48975  8.72104  0.02803  0.03538  0.03071  0.06307  0.10094  0.01638
  37  21497.80955 x   1.04864  0.10386  0.08443  0.03318  0.03187  0.47375  8.72055  0.02805  0.03538  0.03071  0.06307  0.10094  0.01598
  38  21497.80118 x   1.06393  0.10385  0.08444  0.03318  0.03187  0.45835  8.72014  0.02806  0.03538  0.03071  0.06307  0.10094  0.01558
  39  21497.79283 x   1.07860  0.10385  0.08444  0.03318  0.03187  0.44360  8.71978  0.02807  0.03538  0.03071  0.06307  0.10094  0.01516
  40  21497.78456 x   1.09268  0.10385  0.08444  0.03318  0.03187  0.42944  8.71952  0.02808  0.03538  0.03070  0.06307  0.10094  0.01473
  41  21497.77635 x   1.10621  0.10385  0.08444  0.03318  0.03187  0.41587  8.71932  0.02808  0.03538  0.03070  0.06307  0.10094  0.01430
  42  21497.76826 x   1.11913  0.10385  0.08444  0.03318  0.03187  0.40292  8.71931  0.02809  0.03538  0.03070  0.06307  0.10094  0.01385
  43  21497.76024 x   1.13155  0.10385  0.08445  0.03318  0.03187  0.39047  8.71917  0.02810  0.03538  0.03070  0.06307  0.10094  0.01340
  44  21497.75237 x   1.14342  0.10385  0.08445  0.03318  0.03187  0.37860  8.71917  0.02811  0.03538  0.03070  0.06307  0.10094  0.01293
  45  21497.74463 x   1.15482  0.10385  0.08445  0.03318  0.03187  0.36719  8.71917  0.02811  0.03538  0.03070  0.06307  0.10094  0.01246
  46  21497.73701 x   1.16572  0.10385  0.08445  0.03318  0.03187  0.35630  8.71917  0.02812  0.03538  0.03070  0.06307  0.10095  0.01199
  47  21497.72953 x   1.17620  0.10385  0.08445  0.03318  0.03187  0.34585  8.71935  0.02813  0.03538  0.03070  0.06307  0.10095  0.01150
  48  21497.72218 x   1.18626  0.10385  0.08445  0.03318  0.03187  0.33582  8.71953  0.02813  0.03538  0.03070  0.06307  0.10095  0.01101
  49  21497.71498 x   1.19591  0.10385  0.08445  0.03318  0.03187  0.32622  8.71974  0.02814  0.03538  0.03070  0.06307  0.10095  0.01051
  50  21497.70793 x   1.20515  0.10385  0.08445  0.03318  0.03187  0.31702  8.71998  0.02814  0.03538  0.03070  0.06307  0.10095  0.01000
  51  21497.70104 x   1.21402  0.10385  0.08444  0.03318  0.03187  0.30821  8.72024  0.02814  0.03538  0.03070  0.06307  0.10095  0.00949
  52  21497.69430 x   1.22252  0.10385  0.08444  0.03318  0.03187  0.29977  8.72054  0.02815  0.03538  0.03070  0.06307  0.10095  0.00897
  53  21497.68772 x   1.23067  0.10385  0.08444  0.03318  0.03187  0.29169  8.72086  0.02815  0.03538  0.03070  0.06307  0.10095  0.00844
  54  21497.68131 x   1.23847  0.10385  0.08444  0.03318  0.03187  0.28396  8.72120  0.02815  0.03538  0.03070  0.06307  0.10095  0.00792
  55  21497.67507 x   1.24600  0.10386  0.08444  0.03318  0.03187  0.27651  8.72156  0.02815  0.03538  0.03070  0.06307  0.10095  0.00738
  56  21497.66896 x   1.25320  0.10386  0.08444  0.03318  0.03187  0.26938  8.72191  0.02816  0.03538  0.03070  0.06307  0.10095  0.00684
  57  21497.66301 x   1.26012  0.10386  0.08444  0.03318  0.03187  0.26256  8.72229  0.02816  0.03538  0.03070  0.06307  0.10095  0.00630
  58  21497.65723 x   1.26677  0.10386  0.08444  0.03318  0.03187  0.25598  8.72269  0.02816  0.03538  0.03070  0.06307  0.10095  0.00576
  59  21497.65159 x   1.27316  0.10387  0.08443  0.03318  0.03187  0.24969  8.72308  0.02816  0.03538  0.03070  0.06307  0.10095  0.00521
  60  21497.64611 x   1.27931  0.10387  0.08443  0.03318  0.03187  0.24362  8.72349  0.02816  0.03538  0.03071  0.06307  0.10095  0.00466
  61  21497.64076 x   1.28524  0.10387  0.08443  0.03318  0.03187  0.23778  8.72390  0.02816  0.03538  0.03071  0.06307  0.10095  0.00410
  62  21497.63553 x   1.29093  0.10387  0.08443  0.03318  0.03187  0.23218  8.72431  0.02816  0.03538  0.03071  0.06307  0.10095  0.00354
  63  21497.63047 x   1.29642  0.10387  0.08443  0.03318  0.03187  0.22678  8.72472  0.02817  0.03537  0.03071  0.06307  0.10095  0.00297
  64  21497.62553 x   1.30172  0.10388  0.08443  0.03318  0.03187  0.22158  8.72514  0.02817  0.03537  0.03071  0.06307  0.10095  0.00241
  65  21497.62071 x   1.30680  0.10388  0.08442  0.03318  0.03187  0.21659  8.72556  0.02817  0.03537  0.03071  0.06307  0.10095  0.00184
  66  21497.61604 x   1.31170  0.10388  0.08442  0.03318  0.03187  0.21177  8.72598  0.02817  0.03537  0.03071  0.06307  0.10095  0.00127
  67  21497.61149 x   1.31644  0.10388  0.08442  0.03318  0.03187  0.20713  8.72640  0.02817  0.03537  0.03071  0.06307  0.10095  0.00069
  68  21497.60706 x   1.32099  0.10389  0.08442  0.03318  0.03187  0.20267  8.72682  0.02817  0.03537  0.03071  0.06307  0.10095  0.00012
  69  21497.60338 x   1.32513  0.10389  0.08441  0.03318  0.03187  0.19905  8.72714  0.02806  0.03537  0.03071  0.06307  0.10095  0.00010
  70  21497.60040 x   1.32888  0.10390  0.08440  0.03318  0.03187  0.19598  8.72919  0.02797  0.03537  0.03071  0.06307  0.10095  0.00010
  71  21497.59796 x   1.33228  0.10391  0.08439  0.03318  0.03187  0.19330  8.73189  0.02788  0.03537  0.03071  0.06308  0.10096  0.00010
  72  21497.59597 x   1.33535  0.10393  0.08438  0.03318  0.03187  0.19091  8.73471  0.02781  0.03537  0.03072  0.06308  0.10096  0.00010
  73  21497.59435 x   1.33814  0.10394  0.08437  0.03318  0.03187  0.18877  8.73746  0.02774  0.03536  0.03072  0.06308  0.10096  0.00010
  74  21497.59302 x   1.34065  0.10396  0.08436  0.03318  0.03187  0.18685  8.74003  0.02768  0.03536  0.03073  0.06308  0.10096  0.00010
  75  21497.59194 x   1.34293  0.10397  0.08435  0.03318  0.03187  0.18512  8.74241  0.02762  0.03535  0.03073  0.06308  0.10096  0.00010
  76  21497.59106 x   1.34496  0.10398  0.08434  0.03318  0.03187  0.18358  8.74458  0.02757  0.03535  0.03074  0.06308  0.10097  0.00010
  77  21497.59036 x   1.34679  0.10399  0.08433  0.03318  0.03187  0.18219  8.74655  0.02753  0.03535  0.03074  0.06308  0.10097  0.00010
  78  21497.58978 x   1.34845  0.10401  0.08432  0.03318  0.03187  0.18095  8.74833  0.02749  0.03534  0.03074  0.06308  0.10097  0.00010
  79  21497.58931 x   1.34994  0.10402  0.08431  0.03318  0.03187  0.17982  8.74995  0.02745  0.03534  0.03075  0.06309  0.10097  0.00010
  80  21497.58893 x   1.35129  0.10402  0.08431  0.03318  0.03187  0.17880  8.75141  0.02742  0.03534  0.03075  0.06309  0.10097  0.00010
  81  21497.58862 x   1.35251  0.10403  0.08430  0.03318  0.03187  0.17789  8.75274  0.02739  0.03533  0.03075  0.06309  0.10097  0.00010
  82  21497.58837 x   1.35361  0.10404  0.08429  0.03318  0.03187  0.17706  8.75395  0.02736  0.03533  0.03076  0.06309  0.10097  0.00010
  83  21497.58817 x   1.35460  0.10405  0.08429  0.03318  0.03187  0.17632  8.75504  0.02734  0.03533  0.03076  0.06309  0.10097  0.00010
  84  21497.58800 x   1.35549  0.10405  0.08428  0.03318  0.03187  0.17565  8.75602  0.02732  0.03533  0.03076  0.06309  0.10097  0.00010
  85  21497.58787 x   1.35627  0.10406  0.08428  0.03318  0.03187  0.17507  8.75691  0.02730  0.03533  0.03076  0.06309  0.10098  0.00010
  86  21497.58776 x   1.35697  0.10406  0.08427  0.03318  0.03187  0.17454  8.75769  0.02728  0.03533  0.03076  0.06309  0.10098  0.00010
  87  21497.58768 x   1.35761  0.10407  0.08427  0.03318  0.03187  0.17406  8.75840  0.02727  0.03532  0.03077  0.06309  0.10098  0.00010
  88  21497.58761 x   1.35819  0.10407  0.08427  0.03318  0.03187  0.17363  8.75904  0.02726  0.03532  0.03077  0.06309  0.10098  0.00010
  89  21497.58755 x   1.35871  0.10408  0.08426  0.03318  0.03187  0.17324  8.75961  0.02724  0.03532  0.03077  0.06309  0.10098  0.00010
  90  21497.58750 x   1.35918  0.10408  0.08426  0.03318  0.03187  0.17289  8.76014  0.02723  0.03532  0.03077  0.06309  0.10098  0.00010
  91  21497.58746 x   1.35960  0.10408  0.08426  0.03318  0.03187  0.17258  8.76061  0.02722  0.03532  0.03077  0.06309  0.10098  0.00010
  92  21497.58743 x   1.35998  0.10408  0.08426  0.03318  0.03187  0.17229  8.76104  0.02721  0.03532  0.03077  0.06309  0.10098  0.00010
  93  21497.58741 x   1.36033  0.10409  0.08426  0.03318  0.03187  0.17203  8.76142  0.02720  0.03532  0.03077  0.06309  0.10098  0.00010
  94  21497.58739 x   1.36064  0.10409  0.08425  0.03318  0.03187  0.17180  8.76177  0.02720  0.03532  0.03077  0.06309  0.10098  0.00010
  95  21497.58737 x   1.36090  0.10409  0.08425  0.03318  0.03187  0.17161  8.76208  0.02719  0.03532  0.03077  0.06309  0.10098  0.00010
  96  21497.58736 x   1.36113  0.10409  0.08425  0.03318  0.03187  0.17143  8.76235  0.02719  0.03532  0.03077  0.06309  0.10098  0.00010
  97  21497.58735 x   1.36135  0.10409  0.08425  0.03318  0.03187  0.17127  8.76259  0.02718  0.03532  0.03077  0.06309  0.10098  0.00010
  98  21497.58734 x   1.36154  0.10410  0.08425  0.03318  0.03187  0.17113  8.76280  0.02718  0.03531  0.03078  0.06309  0.10098  0.00010
  99  21497.58733 x   1.36171  0.10410  0.08425  0.03318  0.03187  0.17098  8.76280  0.02717  0.03531  0.03078  0.06309  0.10098  0.00010
 100  21497.58732 x   1.36187  0.10410  0.08425  0.03318  0.03187  0.17087  8.76309  0.02717  0.03531  0.03078  0.06309  0.10098  0.00010
 101  21497.58732 x   1.36202  0.10410  0.08425  0.03318  0.03187  0.17077  8.76330  0.02716  0.03531  0.03078  0.06309  0.10098  0.00010
 102  21497.58731 x   1.36215  0.10410  0.08424  0.03318  0.03187  0.17065  8.76330  0.02716  0.03531  0.03078  0.06309  0.10098  0.00010
 103  21497.58731 x   1.36228  0.10410  0.08424  0.03318  0.03187  0.17057  8.76354  0.02716  0.03531  0.03078  0.06309  0.10098  0.00010
 104  21497.58731 x   1.36238  0.10410  0.08424  0.03318  0.03187  0.17048  8.76354  0.02716  0.03531  0.03078  0.06309  0.10098  0.00010
 105  21497.58731 x   1.36249  0.10410  0.08424  0.03318  0.03187  0.17041  8.76377  0.02715  0.03531  0.03078  0.06309  0.10098  0.00010
 106  21497.58730 x   1.36255  0.10410  0.08424  0.03318  0.03187  0.17036  8.76377  0.02715  0.03531  0.03078  0.06309  0.10098  0.00010
 107  21497.58730 x   1.36262  0.10410  0.08424  0.03318  0.03187  0.17032  8.76395  0.02715  0.03531  0.03078  0.06309  0.10098  0.00010
 108  21497.58730 x   1.36268  0.10410  0.08424  0.03318  0.03187  0.17027  8.76395  0.02715  0.03531  0.03078  0.06309  0.10098  0.00010
 109  21497.58730 x   1.36274  0.10410  0.08424  0.03318  0.03187  0.17023  8.76409  0.02715  0.03531  0.03078  0.06309  0.10098  0.00010
 110  21497.58730 x   1.36278  0.10410  0.08424  0.03318  0.03187  0.17019  8.76409  0.02715  0.03531  0.03078  0.06309  0.10098  0.00010
 111  21497.58730 x   1.36283  0.10410  0.08424  0.03318  0.03187  0.17015  8.76409  0.02715  0.03531  0.03078  0.06309  0.10098  0.00010
 112  21497.58730 x   1.36287  0.10410  0.08424  0.03318  0.03187  0.17011  8.76409  0.02714  0.03531  0.03078  0.06309  0.10098  0.00010
 113  21497.58730 x   1.36292  0.10410  0.08424  0.03318  0.03187  0.17009  8.76426  0.02714  0.03531  0.03078  0.06309  0.10098  0.00010
 114  21497.58730 x   1.36296  0.10410  0.08424  0.03318  0.03187  0.17006  8.76426  0.02714  0.03531  0.03078  0.06309  0.10098  0.00010
 115  21497.58730 x   1.36299  0.10411  0.08424  0.03318  0.03187  0.17003  8.76426  0.02714  0.03531  0.03078  0.06309  0.10098  0.00010
 116  21497.58730 x   1.36302  0.10411  0.08424  0.03318  0.03187  0.17000  8.76426  0.02714  0.03531  0.03078  0.06309  0.10098  0.00010
 117  21497.58730 x   1.36305  0.10411  0.08424  0.03318  0.03187  0.16998  8.76426  0.02714  0.03531  0.03078  0.06309  0.10098  0.00010
 118  21497.58730 x   1.36309  0.10411  0.08424  0.03318  0.03187  0.16996  8.76443  0.02714  0.03531  0.03078  0.06309  0.10098  0.00010
 119  21497.58730 x   1.36312  0.10411  0.08424  0.03318  0.03187  0.16994  8.76443  0.02714  0.03531  0.03078  0.06309  0.10098  0.00010
 120  21497.58730 x   1.36314  0.10411  0.08424  0.03318  0.03187  0.16992  8.76443  0.02714  0.03531  0.03078  0.06309  0.10098  0.00010
 121  21497.58730 x   1.36317  0.10411  0.08424  0.03318  0.03187  0.16990  8.76443  0.02714  0.03531  0.03078  0.06309  0.10098  0.00010
 122  21497.58730 x   1.36320  0.10411  0.08424  0.03318  0.03187  0.16989  8.76457  0.02714  0.03531  0.03078  0.06309  0.10098  0.00010
 123  21497.58730 x   1.36322  0.10411  0.08424  0.03318  0.03187  0.16987  8.76457  0.02714  0.03531  0.03078  0.06309  0.10098  0.00010
 124  21497.58730 x   1.36323  0.10411  0.08424  0.03318  0.03187  0.16985  8.76457  0.02714  0.03531  0.03078  0.06309  0.10098  0.00010
 125  21497.58729 x   1.36325  0.10411  0.08424  0.03318  0.03187  0.16984  8.76457  0.02714  0.03531  0.03078  0.06309  0.10098  0.00010
 126  21497.58729 x   1.36327  0.10411  0.08424  0.03318  0.03187  0.16982  8.76457  0.02714  0.03531  0.03078  0.06309  0.10098  0.00010
 127  21497.58729 x   1.36329  0.10411  0.08424  0.03318  0.03187  0.16982  8.76468  0.02714  0.03531  0.03078  0.06309  0.10098  0.00010
 128  21497.58729 x   1.36330  0.10411  0.08424  0.03318  0.03187  0.16980  8.76468  0.02713  0.03531  0.03078  0.06309  0.10098  0.00010
 129  21497.58729 x   1.36332  0.10411  0.08424  0.03318  0.03187  0.16979  8.76468  0.02713  0.03531  0.03078  0.06309  0.10098  0.00010
 130  21497.58729 x   1.36333  0.10411  0.08424  0.03318  0.03187  0.16978  8.76468  0.02713  0.03531  0.03078  0.06309  0.10098  0.00010
 131  21497.58729 x   1.36334  0.10411  0.08424  0.03318  0.03187  0.16977  8.76468  0.02713  0.03531  0.03078  0.06309  0.10098  0.00010
 132  21497.58729 x   1.36335  0.10411  0.08424  0.03318  0.03187  0.16976  8.76468  0.02713  0.03531  0.03078  0.06309  0.10098  0.00010
 133  21497.58729 x   1.36336  0.10411  0.08424  0.03318  0.03187  0.16975  8.76468  0.02713  0.03531  0.03078  0.06309  0.10098  0.00010
 134  21497.58729 x   1.36337  0.10411  0.08424  0.03318  0.03187  0.16974  8.76468  0.02713  0.03531  0.03078  0.06309  0.10098  0.00010
 135  21497.58729 x   1.36338  0.10411  0.08424  0.03318  0.03187  0.16974  8.76468  0.02713  0.03531  0.03078  0.06309  0.10098  0.00010
 136  21497.58729 x   1.36339  0.10411  0.08424  0.03318  0.03187  0.16973  8.76468  0.02713  0.03531  0.03078  0.06309  0.10098  0.00010
 137  21497.58729 x   1.36340  0.10411  0.08424  0.03318  0.03187  0.16972  8.76468  0.02713  0.03531  0.03078  0.06309  0.10098  0.00010
 138  21497.58729 x   1.36340  0.10411  0.08424  0.03318  0.03187  0.16972  8.76468  0.02713  0.03531  0.03078  0.06309  0.10098  0.00010
 139  21497.58729 x   1.36341  0.10411  0.08424  0.03318  0.03187  0.16971  8.76468  0.02713  0.03531  0.03078  0.06309  0.10098  0.00010
 140  21497.58729 x   1.36342  0.10411  0.08424  0.03318  0.03187  0.16971  8.76468  0.02713  0.03531  0.03078  0.06309  0.10098  0.00010
 141  21497.58729 x   1.36342  0.10411  0.08424  0.03318  0.03187  0.16970  8.76468  0.02713  0.03531  0.03078  0.06309  0.10098  0.00010
